
  6.67E+05 1.14E+08 2.00E+07 4.02E+05 3.56E+03 4.07E-15 3.48E+04 4.10E+06
     2.67E+04 1.251E+03 1.241E+03
     4.02E+02 1.69E-02 4.54E+06 4.63E+10 3.16E+11 4.54E+10 2.65E+09 1.85E-11
     9.49E+04 1.23E+02 1.84E+02 9.00E+01 1.43E+01 7.78E+00 1.76E+05 9.02E+08

  3.41E+06 1.59E+08 1.39E+07 3.26E+05 1.56E+03 5.00E-15 4.85E+04 4.38E+06
     6.96E+03 1.167E+03 1.162E+03
     3.76E+02 1.88E-02 2.47E+07 8.24E+10 3.37E+11 6.00E+10 2.14E+09 2.12E-11
     1.35E+05 1.23E+02 1.84E+02 9.00E+01 1.49E+01 7.63E+00 4.58E+04 1.20E+09

  1.12E+05 6.93E+04 4.25E+01 1.32E-01 2.62E-05 2.76E-18 2.02E+04 5.74E+03
     2.37E+04 1.240E+03 1.240E+03
     4.02E+02 1.71E-02 4.95E+06 4.92E+10 3.16E+11 4.54E+10 2.48E+09 1.86E-11
     8.78E+04 1.23E+02 1.84E+02 9.00E+01 1.43E+01 7.63E+00 1.75E+04 8.70E+08

  5.41E+07 1.92E+11 6.12E+12 1.23E+12 6.02E+10 3.58E-10 1.06E+07 2.62E+05
     0.00E+00 1.027E+03 2.069E+02
     4.02E+02 2.29E-02 4.54E+06 4.63E+10 3.16E+11 4.54E+10 2.65E+09 1.85E-11
     9.49E+04 1.23E+02 1.47E+02 9.00E+01 1.43E+01 7.68E+00 3.73E+07 9.02E+08

  1.85E+06 1.48E+08 1.58E+07 2.63E+05 1.59E+03 4.81E-15 5.82E+04 5.48E+06
     1.26E+03 1.212E+03 1.208E+03
     4.12E+02 1.95E-02 1.21E+07 5.46E+10 2.20E+11 2.59E+10 9.98E+08 1.31E-11
     1.53E+05 1.23E+02 1.84E+02 9.00E+01 1.56E+01 7.27E+00 8.26E+03 1.10E+09

  8.67E+05 1.28E+08 1.82E+07 2.92E+05 2.40E+03 4.36E-15 3.69E+04 3.90E+06
     2.67E+04 1.220E+03 1.213E+03
     4.02E+02 1.75E-02 5.93E+06 5.43E+10 3.16E+11 3.68E+10 2.05E+09 1.82E-11
     9.96E+04 1.23E+02 1.84E+02 9.00E+01 1.43E+01 7.79E+00 1.76E+05 8.89E+08

  5.78E+05 6.98E+07 1.24E+07 2.49E+05 1.41E+03 2.47E-15 5.29E+04 1.07E+06
     2.67E+04 1.116E+03 1.113E+03
     3.98E+02 2.00E-02 4.03E+06 3.60E+10 3.19E+11 5.00E+10 2.16E+09 1.86E-11
     1.39E+05 1.23E+02 1.84E+02 9.00E+01 1.43E+01 8.94E+00 1.76E+05 2.86E+08

  3.74E+05 4.78E+07 5.24E+06 1.76E+05 5.50E+02 1.57E-15 8.90E+04 1.98E+06
     9.12E+03 1.031E+03 1.025E+03
     3.98E+02 1.71E-02 2.80E+06 3.72E+10 2.96E+11 1.37E+10 2.65E+09 1.57E-11
     2.28E+05 1.23E+02 1.84E+02 9.00E+01 1.08E+01 7.90E+00 6.01E+04 7.52E+08

  6.75E+05 1.25E+08 2.37E+07 4.91E+05 4.58E+03 4.56E-15 3.24E+04 5.37E+06
     2.67E+04 1.306E+03 1.293E+03
     4.04E+02 1.59E-02 4.57E+06 4.67E+10 3.16E+11 4.54E+10 2.65E+09 1.85E-11
     8.99E+04 1.23E+02 1.84E+02 9.00E+01 1.43E+01 7.57E+00 1.76E+05 1.11E+09

  5.53E+05 1.20E+08 3.50E+07 9.34E+05 1.10E+04 4.97E-15 2.69E+04 4.89E+06
     2.81E+04 1.362E+03 1.347E+03
     4.36E+02 1.55E-02 3.48E+06 3.54E+10 3.16E+11 5.57E+10 3.67E+09 1.88E-11
     7.19E+04 1.23E+02 1.84E+02 9.00E+01 1.43E+01 7.87E+00 1.85E+05 8.14E+08

  1.38E+14 0.00E+00 2.05E+19 5.50E+18 2.45E+17 1.26E-03 0.00E+00 0.00E+00
     0.00E+00 1.027E+03 2.815E+02
     4.02E+02 2.55E-02 3.48E+06 3.54E+10 3.16E+11 5.57E+10 3.67E+09 1.88E-11
     7.19E+04 1.23E+02 1.47E+02 9.00E+01 1.60E+01 7.87E+00 1.19E+15 8.14E+08

  4.43E+13 0.00E+00 6.60E+18 1.77E+18 7.89E+16 4.06E-04 0.00E+00 0.00E+00
     0.00E+00 1.027E+03 2.274E+02
     4.02E+02 2.55E-02 3.48E+06 3.54E+10 3.16E+11 5.57E+10 3.67E+09 1.88E-11
     7.19E+04 1.23E+02 1.47E+02 9.00E+01 1.60E+01 7.87E+00 1.19E+15 8.14E+08

  2.13E+12 0.00E+00 3.17E+17 8.51E+16 3.79E+15 1.95E-05 0.00E+00 0.00E+00
     0.00E+00 1.027E+03 2.374E+02
     4.02E+02 2.55E-02 3.48E+06 3.54E+10 3.16E+11 5.57E+10 3.67E+09 1.88E-11
     7.19E+04 1.23E+02 1.47E+02 9.00E+01 1.60E+01 7.87E+00 1.19E+15 8.14E+08

  1.41E+11 0.00E+00 2.10E+16 5.65E+15 2.52E+14 1.29E-06 0.00E+00 0.00E+00
     0.00E+00 1.027E+03 2.796E+02
     4.02E+02 2.55E-02 3.48E+06 3.54E+10 3.16E+11 5.57E+10 3.67E+09 1.88E-11
     7.19E+04 1.23E+02 1.47E+02 9.00E+01 1.60E+01 7.87E+00 1.19E+15 8.14E+08

  1.25E+10 0.00E+00 1.87E+15 4.92E+14 2.24E+13 1.15E-07 0.00E+00 0.00E+00
     0.00E+00 1.027E+03 2.191E+02
     4.02E+02 2.55E-02 4.54E+06 4.63E+10 3.16E+11 4.54E+10 2.65E+09 1.85E-11
     9.49E+04 1.23E+02 1.47E+02 9.00E+01 1.60E+01 7.68E+00 7.53E+08 9.02E+08

  5.20E+05 1.27E+08 4.85E+07 1.72E+06 2.35E+04 5.88E-15 2.50E+04 6.28E+06
     2.67E+04 1.426E+03 1.409E+03
     4.62E+02 1.49E-02 3.10E+06 3.10E+10 3.16E+11 7.07E+10 4.96E+09 1.96E-11
     6.56E+04 1.23E+02 1.84E+02 9.00E+01 1.43E+01 7.78E+00 1.76E+05 8.82E+08

  4.26E+07 1.24E+11 4.93E+12 1.05E+12 4.99E+10 2.91E-10 8.83E+06 2.25E+05
     0.00E+00 1.027E+03 1.934E+02
     4.62E+02 2.54E-02 3.10E+06 3.10E+10 3.16E+11 7.07E+10 4.96E+09 1.96E-11
     6.56E+04 1.23E+02 1.37E+02 9.00E+01 1.43E+01 7.49E+00 3.19E+07 8.82E+08

 MSISE-00  01-FEB-02     15:49:27


 DAY           172          81         172         172         172
 UT         29000.      29000.      75000.      29000.      29000.
 ALT          400.        400.       1000.        100.        400.
 LAT           60.         60.         60.         60.          0.
 LONG         -70.        -70.        -70.        -70.        -70.
 LST           16.         16.         16.         16.         16.
 F107A        150.        150.        150.        150.        150.
 F107         150.        150.        150.        150.        150.
 AP             4.          4.          4.          4.          4.

 TINF      1250.54     1166.75     1239.89     1027.32     1212.40
 TG        1241.42     1161.71     1239.89      206.89     1208.14
 HE      6.665E+05   3.407E+06   1.124E+05   5.412E+07   1.851E+06
 O       1.139E+08   1.586E+08   6.934E+04   1.919E+11   1.477E+08
 N2      1.998E+07   1.391E+07   4.247E+01   6.116E+12   1.579E+07
 O2      4.023E+05   3.263E+05   1.323E-01   1.225E+12   2.634E+05
 AR      3.557E+03   1.560E+03   2.619E-05   6.023E+10   1.589E+03
 H       3.475E+04   4.854E+04   2.017E+04   1.060E+07   5.816E+04
 N       4.096E+06   4.381E+06   5.741E+03   2.616E+05   5.479E+06
 ANM O   2.667E+04   6.957E+03   2.374E+04   0.000E+00   1.264E+03
 RHO     4.075E-15   5.002E-15   2.757E-18   3.584E-10   4.810E-15


 DAY           172         172         172         172         172
 UT         29000.      29000.      29000.      29000.      29000.
 ALT          400.        400.        400.        400.        400.
 LAT           60.         60.         60.         60.         60.
 LONG           0.        -70.        -70.        -70.        -70.
 LST           16.          4.         16.         16.         16.
 F107A        150.        150.         70.        150.        150.
 F107         150.        150.        150.        180.        150.
 AP             4.          4.          4.          4.         40.

 TINF      1220.15     1116.39     1031.25     1306.05     1361.87
 TG        1212.71     1113.00     1024.85     1293.37     1347.39
 HE      8.673E+05   5.776E+05   3.740E+05   6.748E+05   5.529E+05
 O       1.279E+08   6.979E+07   4.783E+07   1.245E+08   1.198E+08
 N2      1.823E+07   1.237E+07   5.240E+06   2.369E+07   3.496E+07
 O2      2.922E+05   2.493E+05   1.760E+05   4.912E+05   9.340E+05
 AR      2.403E+03   1.406E+03   5.502E+02   4.579E+03   1.096E+04
 H       3.686E+04   5.292E+04   8.897E+04   3.245E+04   2.686E+04
 N       3.897E+06   1.070E+06   1.980E+06   5.371E+06   4.890E+06
 ANM O   2.667E+04   2.667E+04   9.122E+03   2.667E+04   2.805E+04
 RHO     4.356E-15   2.471E-15   1.572E-15   4.564E-15   4.975E-15


 DAY           172         172         172         172         172
 UT         29000.      29000.      29000.      29000.      29000.
 ALT            0.         10.         30.         50.         70.
 LAT           60.         60.         60.         60.         60.
 LONG         -70.        -70.        -70.        -70.        -70.
 LST           16.         16.         16.         16.         16.
 F107A        150.        150.        150.        150.        150.
 F107         150.        150.        150.        150.        150.
 AP             4.          4.          4.          4.          4.

 TINF      1027.32     1027.32     1027.32     1027.32     1027.32
 TG         281.46      227.42      237.44      279.56      219.07
 HE      1.375E+14   4.427E+13   2.128E+12   1.412E+11   1.255E+10
 O       0.000E+00   0.000E+00   0.000E+00   0.000E+00   0.000E+00
 N2      2.050E+19   6.598E+18   3.171E+17   2.104E+16   1.875E+15
 O2      5.499E+18   1.770E+18   8.506E+16   5.645E+15   4.923E+14
 AR      2.452E+17   7.892E+16   3.793E+15   2.517E+14   2.240E+13
 H       0.000E+00   0.000E+00   0.000E+00   0.000E+00   0.000E+00
 N       0.000E+00   0.000E+00   0.000E+00   0.000E+00   0.000E+00
 ANM O   0.000E+00   0.000E+00   0.000E+00   0.000E+00   0.000E+00
 RHO     1.261E-03   4.059E-04   1.951E-05   1.295E-06   1.148E-07

